2.872842699999999638e+00 1.211810592532374664e-01 1.770211348814074437e-01 9.472746933037946154e-03 1.251581489970986574e-02
2.893120149999999668e+00 1.172272362398966150e-01 1.730409677140845037e-01 9.414418386590947541e-03 1.232202570896009236e-02
2.913397599999999699e+00 1.152610742853728276e-01 1.729361594443501182e-01 9.357654401643291514e-03 1.210031932564731121e-02
2.933675000000000033e+00 1.113446180201985991e-01 1.619697606652416577e-01 9.158962260588467130e-03 1.190348290667501106e-02
2.953952400000000367e+00 1.136524292080512977e-01 1.554442356681016713e-01 8.904636774243404260e-03 1.142579067947491200e-02
2.974229849999999953e+00 1.127511782110714178e-01 1.626537052254700133e-01 9.184842145277127487e-03 1.175055610734106887e-02
2.994507299999999983e+00 1.187025378437532724e-01 1.650318022142928109e-01 8.926598743960600588e-03 1.155370601077561690e-02
3.014784699999999873e+00 1.113611006215554089e-01 1.670091422066211917e-01 9.078707355944586402e-03 1.215169141166855260e-02
3.035062149999999903e+00 1.148661196842389737e-01 1.641789983076044623e-01 9.046753783027206702e-03 1.136021346121225163e-02
3.055339599999999933e+00 1.105636486447493516e-01 1.646831571513895365e-01 9.320399393288018516e-03 1.182496730363818797e-02
3.075617000000000267e+00 1.125136724219722717e-01 1.659609249638325790e-01 9.203556244345465626e-03 1.187588812364530517e-02
3.095894399999999713e+00 1.105591015816058675e-01 1.685323056768879557e-01 9.389486561644882351e-03 1.203255089444423172e-02
3.116171849999999743e+00 1.073730874370528027e-01 1.652542195335606756e-01 9.440195772046251765e-03 1.187162213710612341e-02
3.136449299999999774e+00 1.093400708205091859e-01 1.733471664730364403e-01 9.556057635529184580e-03 1.242064817951766924e-02
3.156726700000000108e+00 1.078905779625633499e-01 1.713992071239041348e-01 9.808035059796084421e-03 1.252894626564333459e-02
3.177004150000000138e+00 1.101141468713035254e-01 1.822501790434780111e-01 9.849961530079652874e-03 1.273583283379406579e-02
3.197281600000000168e+00 1.042237298272148116e-01 1.785554031908445916e-01 9.933916790149497147e-03 1.268691607381507158e-02
3.217558999999999614e+00 1.016619590719589350e-01 1.806695665984711652e-01 1.032172243558662598e-02 1.350974594955994638e-02
3.237836399999999948e+00 9.192287839307677899e-02 1.839684200339400943e-01 1.042754466184466974e-02 1.338045589026352553e-02
3.258113849999999978e+00 9.685004832128872587e-02 1.843218692427780747e-01 1.039033716898128332e-02 1.365584499557263680e-02
3.278391300000000008e+00 9.666886484096279264e-02 1.910915239212214456e-01 1.061549814817615810e-02 1.392486152220051045e-02
3.298668700000000342e+00 9.031238747506091513e-02 2.033863018145616874e-01 1.101218049551943613e-02 1.451287305867787758e-02
3.318946149999999928e+00 9.599368292969989724e-02 2.128070267373923519e-01 1.155556744257655623e-02 1.491002435803905242e-02
3.339223599999999958e+00 8.496614398078068675e-02 2.169695419076588805e-01 1.169388006608947789e-02 1.523709245490840677e-02
3.359500999999999848e+00 8.132907707005265774e-02 2.100514171817272069e-01 1.191218974777050708e-02 1.534312544669255186e-02
3.379778400000000183e+00 7.904370315592217089e-02 2.182386304411328415e-01 1.213031051922254869e-02 1.576567950322370695e-02
3.400055850000000213e+00 6.983085899590378565e-02 2.220368408034797125e-01 1.269990904708992278e-02 1.640185148952321911e-02
3.420333300000000243e+00 5.790442783661561149e-02 2.296203536262010902e-01 1.344965189799045280e-02 1.755655273830515964e-02
3.440610699999999689e+00 6.654372797015842278e-02 2.286338462833563401e-01 1.334030736731002878e-02 1.679531620879873982e-02
3.460888149999999719e+00 5.210610890030498848e-02 2.378344390476361814e-01 1.415790820520968635e-02 1.809821452122162971e-02
3.481165599999999749e+00 5.696352630450204207e-02 2.347692250277104709e-01 1.374256768110989312e-02 1.792886392253252581e-02
3.501443000000000083e+00 4.784288161414469720e-02 2.387144147102911451e-01 1.421713535935922694e-02 1.909645510497629331e-02
3.521720399999999973e+00 3.533665796950741234e-02 2.258483928336170177e-01 1.395117875859962046e-02 1.827653852277717414e-02
3.541997850000000003e+00 3.429471591170184241e-02 2.390737977179401286e-01 1.462079419819642054e-02 1.925156028091413660e-02
3.562275300000000033e+00 3.227629901439846988e-02 2.328062585541288421e-01 1.422782413342927807e-02 1.939340899520168929e-02
3.582552699999999923e+00 3.663677917667127609e-02 2.427361249303792157e-01 1.472357185874708686e-02 1.928139327253421478e-02
3.602830149999999954e+00 3.634335072956897117e-02 2.526750696371010685e-01 1.464525138084937436e-02 2.027601053614480967e-02
3.623107599999999984e+00 2.559336417556316509e-02 2.362603332424732805e-01 1.396915958983589202e-02 2.038375173425331296e-02
3.643385000000000318e+00 3.667876587907574482e-02 2.527680002865126396e-01 1.539182517305356067e-02 2.055383061857391294e-02
3.663662399999999764e+00 1.765167944064239408e-02 2.304891514363248128e-01 1.192095958219981620e-02 2.067885896981604479e-02
3.683939849999999794e+00 3.501438427344012727e-02 2.534968828923520601e-01 1.555156721506373990e-02 2.100577624574009178e-02
3.704217299999999824e+00 2.081144470106399691e-02 2.337693731710800971e-01 1.334649185311998464e-02 2.072010070791780248e-02
3.829781800000000125e+00 1.710693382283279620e-02 2.287827556112619620e-01 1.236071847807900144e-02 2.149757569386539710e-02
3.849509399999999637e+00 1.420405473992441756e-02 2.195326272691073555e-01 1.148156016012328619e-02 2.113866242705589663e-02
3.869237000000000037e+00 1.221330523394728758e-02 2.178239640598438331e-01 1.035662569550341999e-02 2.075221396194899467e-02
3.888964599999999994e+00 1.248508904118842203e-02 2.144458973929324330e-01 1.071894321958264881e-02 2.028760611100769926e-02
3.908692199999999950e+00 1.564481925622023331e-02 2.208632768240555155e-01 1.146113776055132476e-02 2.065794725207116891e-02
3.928419850000000046e+00 1.021218029718743564e-02 2.093884436201652877e-01 9.282496102690569045e-03 2.075758505078567281e-02
3.948147500000000143e+00 1.547001534005405798e-02 2.214830529679206739e-01 1.151507903107133746e-02 2.043198049508967301e-02
3.967875099999999655e+00 1.455386483878896159e-02 2.230493084338332765e-01 1.122549428587445858e-02 2.087535348522496018e-02
3.987602700000000056e+00 1.962074546289322569e-02 2.222706580583348746e-01 1.240070468340324049e-02 2.018360129483173435e-02
4.007330299999999568e+00 1.950763952308881902e-02 2.343139419866373530e-01 1.305052082595287849e-02 2.111145835037644622e-02
4.027057899999999968e+00 1.682638468080796881e-02 2.249304566447759279e-01 1.161059951424591591e-02 2.088843209869638631e-02
4.046785500000000368e+00 2.471717784649834701e-02 2.354061680827702063e-01 1.411540410762245068e-02 2.014313353191782285e-02
4.066513099999999881e+00 1.882010129631133538e-02 2.226293190335959515e-01 1.228622095315882144e-02 1.987980476955753667e-02
4.086240699999999393e+00 2.641828557510317310e-02 2.375877921534353954e-01 1.400014694704637339e-02 1.976281752435238639e-02
4.105968300000000681e+00 1.914443199351031216e-02 2.279452895780922639e-01 1.253364587737206513e-02 2.060345555832664155e-02
4.125695900000000194e+00 1.952058810696030711e-02 2.235075803790173010e-01 1.239984475752940046e-02 1.980938286035061405e-02
4.145423550000000290e+00 1.783982111571428414e-02 2.208696869863318035e-01 1.232869784445959210e-02 1.976982378933588719e-02
4.165151200000000387e+00 2.693468652234357746e-02 2.342045566768247156e-01 1.405561445820962055e-02 1.966373954109112629e-02
4.184878799999999899e+00 2.299547019092543568e-02 2.335838887260562324e-01 1.299964648649555056e-02 2.027424601720764774e-02
4.204606399999999411e+00 2.337656546155386997e-02 2.260786339765090691e-01 1.338737273623223992e-02 1.953966936238654001e-02
4.224333999999999811e+00 2.312708544714277628e-02 2.350196194290989637e-01 1.339933044796179536e-02 1.977604473855466491e-02
4.244061600000000212e+00 2.399333622913003838e-02 2.281017368077857821e-01 1.331318230474592794e-02 1.955272260707755297e-02
4.263789199999999724e+00 3.168610609668100903e-02 2.400298951187753715e-01 1.456959360179953603e-02 1.987320967856192819e-02
4.283516800000000124e+00 2.372814856941834333e-02 2.200864296832457101e-01 1.345796210906568570e-02 1.936491527070520816e-02
4.303244400000000525e+00 2.638539236743170022e-02 1.957525756049439125e-01 1.270052229462580867e-02 1.729826728483640358e-02
4.322972000000000037e+00 2.567224885574042118e-02 1.986895143825409549e-01 1.235368287721000900e-02 1.781232350297809811e-02
4.342699650000000133e+00 2.866775856817680573e-02 1.904692116207325758e-01 1.270124814011005902e-02 1.680708885008698125e-02
4.362427300000000230e+00 2.506025277591548278e-02 1.772271110500710511e-01 1.167979259865590917e-02 1.593770688243491274e-02
4.382154899999999742e+00 2.441381566531048916e-02 1.735874315906808518e-01 1.141228259739173780e-02 1.565820627242545462e-02
4.401882500000000142e+00 2.381668273310562703e-02 1.661766695041120290e-01 1.109096984984097450e-02 1.495549009811453570e-02
4.421610100000000543e+00 3.128944006977471548e-02 1.717786745874338994e-01 1.149169003220871892e-02 1.495424933644129775e-02
4.441337700000000055e+00 2.626145576710288421e-02 1.653861563011924107e-01 1.105239198648367421e-02 1.502478920752222530e-02
4.461065299999999567e+00 2.916018114500138272e-02 1.622080790162813424e-01 1.103392360159229958e-02 1.457388894567389348e-02
4.480792899999999968e+00 2.971947148513132478e-02 1.622600645967522959e-01 1.113968222633468508e-02 1.465118388401541114e-02
4.500520500000000368e+00 2.775711036037799978e-02 1.589855646447279058e-01 1.108078014376940451e-02 1.412861080710508220e-02
4.520248099999999880e+00 2.777735840005696871e-02 1.560936287832858926e-01 1.062792561043677218e-02 1.419838595552025580e-02
4.539975699999999392e+00 2.960202185760462193e-02 1.587494406928546820e-01 1.087435580178180115e-02 1.392438854571619727e-02
4.559703349999999489e+00 2.909823843511546992e-02 1.588154854031199603e-01 1.075568503314659231e-02 1.433088676797262574e-02
4.579430999999999585e+00 2.871388640308743245e-02 1.550599768649136845e-01 1.069320173253144809e-02 1.400097231419916363e-02
4.599158599999999986e+00 3.109819473736415152e-02 1.562682711084511789e-01 1.082093555351544729e-02 1.362970568431253263e-02
4.618886200000000386e+00 3.364356362878654499e-02 1.625509425317730461e-01 1.065991060323408929e-02 1.411300509334929842e-02
4.638613799999999898e+00 3.538424761393609702e-02 1.583133695107745154e-01 1.068211130114838682e-02 1.370838818343148371e-02
4.658341399999999410e+00 3.378715101142294036e-02 1.618412722143614535e-01 1.072153584620066762e-02 1.375873447480688294e-02
4.678068999999999811e+00 3.853903839810791238e-02 1.663843932096525091e-01 1.086063101718522106e-02 1.400439318122678745e-02
4.697796600000000211e+00 3.775974837111583521e-02 1.645945511826098495e-01 1.060680827962257565e-02 1.393634286170293210e-02
4.717524199999999723e+00 3.557138230901358417e-02 1.610554833765217020e-01 1.047843869901425931e-02 1.380947689341559953e-02
4.737251800000000124e+00 4.106100846880264554e-02 1.682819222982908924e-01 1.073857615682726439e-02 1.372192479318806377e-02
4.756979400000000524e+00 3.631215467270743069e-02 1.601597540451548674e-01 1.051873068694373151e-02 1.381488582477530778e-02
4.776707050000000621e+00 4.021348714466242702e-02 1.593620378181099806e-01 1.020067082767050354e-02 1.351419154145259115e-02
4.796434699999999829e+00 3.953570425549982059e-02 1.632828127210652902e-01 1.042773367673190295e-02 1.379090706130919365e-02
4.816162300000000229e+00 4.314511553840182090e-02 1.574001084673266604e-01 1.012176270109670095e-02 1.318741414977811499e-02
4.835889899999999741e+00 3.704625128706366677e-02 1.637588359374558544e-01 1.086210736617361332e-02 1.368879857988872066e-02
4.855617500000000142e+00 4.443159030721458708e-02 1.559215327793239403e-01 1.000655974447290514e-02 1.306373289260511286e-02
4.875345100000000542e+00 4.743027537211915584e-02 1.594297830412861883e-01 1.005395703710981921e-02 1.281268159873401313e-02
4.895072700000000054e+00 4.623450314377797188e-02 1.547587964306524344e-01 9.749094689054540672e-03 1.260199446566977188e-02
4.914800299999999567e+00 4.083195794067612933e-02 1.615499205770102864e-01 1.054200903980047517e-02 1.346471333567564148e-02
4.934527899999999967e+00 4.866001961868803016e-02 1.494187914490475166e-01 9.437581577878847647e-03 1.186555127825700620e-02
4.954255500000000367e+00 4.271416891624844198e-02 1.534241765974383997e-01 9.895437656881476279e-03 1.296464466771636743e-02
4.973983150000000464e+00 4.866474806762531580e-02 1.593035434181018228e-01 9.926550005946199393e-03 1.265917219948011103e-02
4.993710800000000560e+00 4.730691932855356219e-02 1.523275030602461166e-01 9.470441024870254743e-03 1.248657688265360916e-02
5.013438400000000073e+00 4.432494013437091734e-02 1.487866347171346859e-01 9.304518551719648603e-03 1.216378369506438718e-02
5.033165999999999585e+00 5.032509136183393322e-02 1.433180149366702905e-01 9.136616995766375787e-03 1.168667378646826190e-02
5.052893599999999985e+00 4.695573811382568880e-02 1.449396628241011176e-01 9.340925654761210450e-03 1.193702414838315393e-02
5.072621200000000385e+00 5.042204618078348355e-02 1.544271295425413970e-01 9.131808328183959114e-03 1.225317553850488982e-02
